ConvexPolygon([UnitVector3d(0.7502062397168158, 0.6583349430697393, 0.06152804745251262), UnitVector3d(0.7502222837139622, 0.6583491298415952, 0.061179639225984246), UnitVector3d(0.7483820449059465, 0.660437938970785, 0.061204931422358756), UnitVector3d(0.7483660339189744, 0.6604237016652835, 0.06155333910608716)])
ConvexPolygon([UnitVector3d(0.7508145647443214, 0.6396255574696555, 0.16479270493388812), UnitVector3d(0.750858555921526, 0.6396625299372957, 0.16444840161478938), UnitVector3d(0.7492499047113256, 0.6415798373856307, 0.16431644029219092), UnitVector3d(0.7492060424632895, 0.6415427833895587, 0.16466075129572771)])
ConvexPolygon([UnitVector3d(0.7508157189732694, 0.6396237206237618, 0.16479457563302435), UnitVector3d(0.7508597107317835, 0.6396606934147274, 0.1644502724229196), UnitVector3d(0.7492510625372708, 0.6415780065755669, 0.1643183092819925), UnitVector3d(0.7492071997094155, 0.6415409522548888, 0.16466262017673097)])
ConvexPolygon([UnitVector3d(0.7381897801428031, 0.6512687295034406, 0.17585474251123961), UnitVector3d(0.738235215950918, 0.651309924179243, 0.1755111067583197), UnitVector3d(0.7362573736156078, 0.6534794950753272, 0.17575445744772117), UnitVector3d(0.7362119972918436, 0.6534381087427564, 0.17609807803109084)])
ConvexPolygon([UnitVector3d(0.7855389067932103, 0.6172005347867455, 0.04463323619326301), UnitVector3d(0.7855502792116698, 0.617211179652734, 0.044284518086441384), UnitVector3d(0.784005202729851, 0.6191384968393048, 0.04475895244631293), UnitVector3d(0.7839937266818257, 0.6191277212734467, 0.04510766314377453)])
ConvexPolygon([UnitVector3d(0.7255471402905171, 0.6741961773959562, 0.13798862852037094), UnitVector3d(0.7255812822761931, 0.6742301058561695, 0.13764289726540144), UnitVector3d(0.7238778423596317, 0.6759407017214777, 0.13822097198703398), UnitVector3d(0.7238436355574067, 0.6759065525745235, 0.13856667510573722)])
ConvexPolygon([UnitVector3d(0.8050570563347748, 0.5885418622315465, 0.07417285518712748), UnitVector3d(0.8050770189632143, 0.588558323261219, 0.07382474962535769), UnitVector3d(0.8036107228414685, 0.5904909552904125, 0.07436556901166418), UnitVector3d(0.8035906481489123, 0.5904743340232249, 0.07471366051426008)])
ConvexPolygon([UnitVector3d(0.7714273012384055, 0.6152963279384902, 0.16220464768137874), UnitVector3d(0.7714704751577699, 0.61533290343809, 0.16186019864776793), UnitVector3d(0.769869375728059, 0.6171800176663034, 0.16244990030624853), UnitVector3d(0.7698261317725313, 0.6171432067909577, 0.16279431547788908)])
ConvexPolygon([UnitVector3d(0.7714273012384055, 0.6152963279384902, 0.16220464768137874), UnitVector3d(0.7714704751577699, 0.61533290343809, 0.16186019864776793), UnitVector3d(0.769869375728059, 0.6171800176663034, 0.16244990030624853), UnitVector3d(0.7698261317725313, 0.6171432067909577, 0.16279431547788908)])
ConvexPolygon([UnitVector3d(0.7714158627777254, 0.6153097819374626, 0.16220801122931575), UnitVector3d(0.7714590369710066, 0.6153463589286083, 0.1618635623884247), UnitVector3d(0.7698579027407503, 0.6171934451246176, 0.16245325753218756), UnitVector3d(0.7698146585191831, 0.6171566327554716, 0.16279767251076252)])
ConvexPolygon([UnitVector3d(0.8082071940645968, 0.5643473774047134, 0.16826517488373244), UnitVector3d(0.8082542985198647, 0.5643824055653279, 0.1679210803099328), UnitVector3d(0.8068137207963441, 0.5662498850417523, 0.16856063486164644), UnitVector3d(0.8067665173589802, 0.5662146163135673, 0.1689046912946536)])
ConvexPolygon([UnitVector3d(0.7543129145209894, 0.6339121111301091, 0.17078484227067323), UnitVector3d(0.7543583201962941, 0.6339506496822774, 0.17044089450024555), UnitVector3d(0.7534468861492328, 0.6349848213353391, 0.17062258474701547), UnitVector3d(0.7534014859182271, 0.6349461784530125, 0.17096652153016026)])
ConvexPolygon([UnitVector3d(0.7543163076668775, 0.6339084315424736, 0.17078351327680785), UnitVector3d(0.7543617131749275, 0.633946969574872, 0.17043956542606198), UnitVector3d(0.7534502792977263, 0.6349811505056793, 0.1706212622408536), UnitVector3d(0.7534048792315424, 0.6349425081418253, 0.17096519910400726)])
ConvexPolygon([UnitVector3d(0.7555006453412069, 0.6180879697372724, 0.21722347146447274), UnitVector3d(0.7555591153871004, 0.6181361546272323, 0.21688272752370244), UnitVector3d(0.7546537814299914, 0.6191827343019708, 0.21704933014351827), UnitVector3d(0.7545953347610146, 0.6191344297248814, 0.21739006114852236)])
ConvexPolygon([UnitVector3d(0.7554997611790121, 0.6180889424755619, 0.21722377873496518), UnitVector3d(0.7555582312382609, 0.618137127518015, 0.21688303481805105), UnitVector3d(0.7546528946432689, 0.619183705760965, 0.2170496420790733), UnitVector3d(0.7545944479599851, 0.6191354010302337, 0.2173903730598415)])
ConvexPolygon([UnitVector3d(0.7905656220135638, 0.598192540725439, 0.13104076278300122), UnitVector3d(0.7906010481120627, 0.5982214283586773, 0.13069470294014165), UnitVector3d(0.7890734389276757, 0.6001056517766492, 0.13128714592287707), UnitVector3d(0.7890379188989027, 0.6000765525185809, 0.13163317840538263)])
ConvexPolygon([UnitVector3d(0.790564174430045, 0.5981944996754944, 0.1310405535157965), UnitVector3d(0.79059960040449, 0.5982233873448669, 0.13069449366325298), UnitVector3d(0.7890719883286861, 0.600107605478512, 0.13128693416277337), UnitVector3d(0.7890364684249844, 0.6000785061848158, 0.1316329666551223)])
ConvexPolygon([UnitVector3d(0.7591609018692675, 0.6465668589405891, 0.07500681297549358), UnitVector3d(0.7591798377957254, 0.6465849117282233, 0.07465872895959129), UnitVector3d(0.757563185358072, 0.6484179887887991, 0.07518066244201566), UnitVector3d(0.757544155284217, 0.6483997712258087, 0.07552873273821638)])
ConvexPolygon([UnitVector3d(0.7638653173391363, 0.6416607028161727, 0.06914708546161424), UnitVector3d(0.763883672617064, 0.6416762835109564, 0.06879885092523648), UnitVector3d(0.7622521193568207, 0.6436090043875863, 0.06884152821702327), UnitVector3d(0.7622337922572742, 0.6435933675961787, 0.06918976172313746)])
ConvexPolygon([UnitVector3d(0.7638570846015603, 0.6416705540826418, 0.06914661472031859), UnitVector3d(0.7638754395548526, 0.641686134905929, 0.06879838017257912), UnitVector3d(0.7622438546857477, 0.6436188429111791, 0.0688410563798065), UnitVector3d(0.7622255279117384, 0.6436032059919968, 0.06918928989731565)])
ConvexPolygon([UnitVector3d(0.7638571079032872, 0.6416706448070181, 0.06914551539016357), UnitVector3d(0.7638754625592213, 0.641686225387669, 0.06879728081589488), UnitVector3d(0.7622438729922917, 0.6436189386751815, 0.06883995834066184), UnitVector3d(0.7622255465147814, 0.643603301998965, 0.06918819188468489)])
ConvexPolygon([UnitVector3d(0.7620908129703107, 0.6281495897846066, 0.1569894443575155), UnitVector3d(0.7623099127064398, 0.6278834350513931, 0.15699041046370696), UnitVector3d(0.9999999398626089, -0.0003446709130915877, -3.84283771318224e-05), UnitVector3d(0.9999999992139077, 4.3935594982394935e-06, -3.940661325101592e-05)])
ConvexPolygon([UnitVector3d(0.7620854823294154, 0.6282170302993862, 0.1567452725429451), UnitVector3d(0.7623046056179843, 0.6279508774259459, 0.1567462401258609), UnitVector3d(0.9999999398601739, -0.0003446848559668651, -3.836663431138334e-05), UnitVector3d(0.9999999992163427, 4.379612537469441e-06, -3.934632722360429e-05)])
ConvexPolygon([UnitVector3d(0.7486120639688407, 0.6574448380243518, 0.08571034147316278), UnitVector3d(0.7486344915999038, 0.6574645482470413, 0.08536255493638616), UnitVector3d(0.7469652618351775, 0.6593599316542151, 0.08536614165143756), UnitVector3d(0.7469428833006175, 0.6593401638149552, 0.08571392808072797)])
ConvexPolygon([UnitVector3d(0.748595761919799, 0.657453046232155, 0.08578972686618994), UnitVector3d(0.748618209978194, 0.6574727751892553, 0.08544194270956017), UnitVector3d(0.7469489529512596, 0.6593681201905072, 0.085445560220844), UnitVector3d(0.7469265540290061, 0.6593483335578405, 0.08579334426896329)])
ConvexPolygon([UnitVector3d(0.7485997328947356, 0.6574529793085296, 0.08575558237379469), UnitVector3d(0.7486221721267372, 0.6574727002536738, 0.08540779719316378), UnitVector3d(0.7469529171347697, 0.6593680585302341, 0.0854113749680191), UnitVector3d(0.7469305270289918, 0.6593482799410267, 0.0857591600413746)])
ConvexPolygon([UnitVector3d(0.7929015173886599, 0.6033459507808505, 0.08532788172169899), UnitVector3d(0.79292516493949, 0.6033639599542431, 0.08498008374917775), UnitVector3d(0.7913926571554214, 0.605372077275551, 0.08498417650107581), UnitVector3d(0.7913690542037527, 0.6053540073394521, 0.08533197435149804)])
ConvexPolygon([UnitVector3d(0.7929050571473818, 0.6033412624491907, 0.08532813941674851), UnitVector3d(0.7929287049398263, 0.6033592714537223, 0.08498034145191156), UnitVector3d(0.7913962220168621, 0.6053673858776055, 0.08498439793957353), UnitVector3d(0.7913726188328862, 0.6053493161178626, 0.08533219578339302)])
ConvexPolygon([UnitVector3d(0.8027238388028605, 0.5902064702055563, 0.08538595402697872), UnitVector3d(0.8027477958714491, 0.5902240997651923, 0.08503815778753951), UnitVector3d(0.8012484971830622, 0.5922572493630135, 0.08504232086932678), UnitVector3d(0.8012245837202374, 0.5922395582563769, 0.08539011698448347)])
ConvexPolygon([UnitVector3d(0.8023533256412549, 0.5907092241463914, 0.08539176389316748), UnitVector3d(0.802377273233426, 0.5907268699955175, 0.0850439678271831), UnitVector3d(0.8008766589400164, 0.5927591308881723, 0.0850481623186252), UnitVector3d(0.8008527549878038, 0.5927414235072547, 0.08539595825938076)])
ConvexPolygon([UnitVector3d(0.8023533256412549, 0.5907092241463914, 0.08539176389316748), UnitVector3d(0.802377273233426, 0.5907268699955175, 0.0850439678271831), UnitVector3d(0.8008766589400164, 0.5927591308881723, 0.0850481623186252), UnitVector3d(0.8008527549878038, 0.5927414235072547, 0.08539595825938076)])
ConvexPolygon([UnitVector3d(0.8052121283273995, 0.5761049643186584, 0.14048664876726455), UnitVector3d(0.805247615221455, 0.5761395192334338, 0.14014111658477404), UnitVector3d(0.8030049756829948, 0.5788099200631125, 0.14199325851915087), UnitVector3d(0.8029690848731543, 0.5787748643913195, 0.14233869848631747)])
ConvexPolygon([UnitVector3d(0.7785016855485541, 0.6218090028099746, 0.08537382281779875), UnitVector3d(0.7785249162532903, 0.6218275722728042, 0.08502602621619917), UnitVector3d(0.7769456516658602, 0.6237991387832745, 0.08502992891186688), UnitVector3d(0.7769224670521817, 0.6237805096310644, 0.08537772539697426)])
ConvexPolygon([UnitVector3d(0.7785016855485541, 0.6218090028099746, 0.08537382281779875), UnitVector3d(0.7785249162532903, 0.6218275722728042, 0.08502602621619917), UnitVector3d(0.7769456516658602, 0.6237991387832745, 0.08502992891186688), UnitVector3d(0.7769224670521817, 0.6237805096310644, 0.08537772539697426)])
ConvexPolygon([UnitVector3d(0.7785029205944599, 0.6218088048658167, 0.08536400188159371), UnitVector3d(0.7785261486446352, 0.6218273721590127, 0.08501620498686209), UnitVector3d(0.7769468883233385, 0.6237989376826242, 0.08502010392084529), UnitVector3d(0.776923706359631, 0.6237803107077231, 0.0853679006992105)])
ConvexPolygon([UnitVector3d(0.7653929536995321, 0.6379317031157018, 0.08495156612450393), UnitVector3d(0.7654156832409834, 0.6379506533883824, 0.0846037569501165), UnitVector3d(0.7637965988494524, 0.6398880340506692, 0.08460531581867758), UnitVector3d(0.7637739169826278, 0.6398690258942006, 0.084953124946767)])
ConvexPolygon([UnitVector3d(0.7653841975484895, 0.6379447128694531, 0.0849327584914432), UnitVector3d(0.7654069217149235, 0.6379636593368014, 0.08458494875852558), UnitVector3d(0.7637877964555565, 0.6399010247773473, 0.08458652655397282), UnitVector3d(0.7637651199492306, 0.6398820204353308, 0.08493433624004075)])
ConvexPolygon([UnitVector3d(0.7653860453939331, 0.6379453864287181, 0.08491104433788288), UnitVector3d(0.7654087637314071, 0.6379643280508236, 0.08456323396027499), UnitVector3d(0.763789631396414, 0.6399017032673057, 0.0845648220416214), UnitVector3d(0.7637669607041397, 0.6398827037828135, 0.08491263237208638)])
ConvexPolygon([UnitVector3d(0.7370452781698227, 0.6704416495043367, 0.08527750311467122), UnitVector3d(0.737067242183082, 0.6704616513569394, 0.08492970363984496), UnitVector3d(0.7353647000115113, 0.6723278400370049, 0.08493546660939322), UnitVector3d(0.7353427852945721, 0.6723077812062989, 0.08528326591239367)])
ConvexPolygon([UnitVector3d(0.8228091621430815, 0.5619112918682765, 0.08509278914411458), UnitVector3d(0.8228336325605777, 0.5619280210005071, 0.08474498416790198), UnitVector3d(0.8214059624244747, 0.5640121213527036, 0.08475005522561849), UnitVector3d(0.8213815330401788, 0.5639953292318224, 0.08509786005096613)])
ConvexPolygon([UnitVector3d(0.8228091621430815, 0.5619112918682765, 0.08509278914411458), UnitVector3d(0.8228336325605777, 0.5619280210005071, 0.08474498416790198), UnitVector3d(0.8214059624244747, 0.5640121213527036, 0.08475005522561849), UnitVector3d(0.8213815330401788, 0.5639953292318224, 0.08509786005096613)])
ConvexPolygon([UnitVector3d(0.8228090283989463, 0.5619156502406196, 0.08506529727123453), UnitVector3d(0.8228334908312126, 0.5619323740489776, 0.08471749147726682), UnitVector3d(0.821405806577376, 0.5640164788927367, 0.0847225616846509), UnitVector3d(0.8213813851651319, 0.5639996921159777, 0.08507036732782813)])
ConvexPolygon([UnitVector3d(0.9999999398031846, -0.00034501471858381375, -3.685744244291525e-05), UnitVector3d(0.999999999273332, 4.04954698584759e-06, -3.790695311816354e-05), UnitVector3d(0.7691137087636053, 0.6216298401277807, 0.14846024671474112), UnitVector3d(0.7693305294569963, 0.6213612342444645, 0.14846128459505303)])
ConvexPolygon([UnitVector3d(0.7330770661129725, 0.6528600994994771, 0.19071367444609058), UnitVector3d(0.7333048035924435, 0.6526040716296081, 0.19071442190014118), UnitVector3d(0.9999999401011529, -0.00034329220692091723, -4.413786864636924e-05), UnitVector3d(0.9999999989753638, 5.772805927785704e-06, -4.4899298253510815e-05)])
ConvexPolygon([UnitVector3d(0.7808021586990977, 0.6188822395746153, 0.08563155090232402), UnitVector3d(0.7808255314596612, 0.6189007750511791, 0.08528376200536318), UnitVector3d(0.779253242414353, 0.6208789086013126, 0.08528637077962943), UnitVector3d(0.7792299160248486, 0.6208603133409066, 0.08563415959848386)])
ConvexPolygon([UnitVector3d(0.780804325655411, 0.618879508666987, 0.08563152918118276), UnitVector3d(0.7808276984825687, 0.618898044047369, 0.0852837402835713), UnitVector3d(0.7792554147886612, 0.6208761856547088, 0.08528634480039107), UnitVector3d(0.7792320883335344, 0.6208575904911744, 0.0856341336200236)])
ConvexPolygon([UnitVector3d(0.7762952121015678, 0.6245839860768938, 0.08520908404906258), UnitVector3d(0.7763183298477847, 0.6246026044364991, 0.08486128253501844), UnitVector3d(0.7747321077393078, 0.6265683373299836, 0.08486624707944584), UnitVector3d(0.7747090359184273, 0.6265496593358371, 0.08521404844559016)])
ConvexPolygon([UnitVector3d(0.7762995385705883, 0.6245843695637509, 0.08516684631793925), UnitVector3d(0.7763226448656413, 0.6246029786358488, 0.08481904354589664), UnitVector3d(0.7747364166339884, 0.6265687285340511, 0.08482401289935272), UnitVector3d(0.7747133562395322, 0.6265500598551748, 0.08517181552342631)])
ConvexPolygon([UnitVector3d(0.7568347000567223, 0.6336827990274745, 0.1601478910468586), UnitVector3d(0.7570557336915449, 0.63341847881195, 0.16014882698387758), UnitVector3d(0.9999999398755143, -0.00034459452349202093, -3.8776050696625455e-05), UnitVector3d(0.9999999992010024, 4.4700320478310845e-06, -3.9724225853713296e-05)])
ConvexPolygon([UnitVector3d(0.7551941745058974, 0.6363719900965379, 0.157201937052086), UnitVector3d(0.7554161477311024, 0.6361082424527817, 0.15720288683969602), UnitVector3d(0.9999999398412235, -0.00034479015869305136, -3.791168425519185e-05), UnitVector3d(0.9999999992352931, 4.274359721313728e-06, -3.8873429820596465e-05)])
ConvexPolygon([UnitVector3d(0.9999999392286795, -0.0003483399413416452, -1.4209946974503047e-05), UnitVector3d(0.9999999998478372, 7.110455181006189e-07, -1.743043514251311e-05), UnitVector3d(0.822808963386182, 0.5656724342393454, 0.05477323172033966), UnitVector3d(0.8230062163854586, 0.565385097614015, 0.05477644737369086)])
ConvexPolygon([UnitVector3d(0.9999999392290151, -0.00034833851479923597, -1.4221300224710023e-05), UnitVector3d(0.9999999998475017, 7.123997267573284e-07, -1.7449618804280452e-05), UnitVector3d(0.8233892493030823, 0.564831303502978, 0.054733378437963894), UnitVector3d(0.8235862082788483, 0.5645437644181773, 0.054736601917025715)])
ConvexPolygon([UnitVector3d(0.9999999392286795, -0.0003483399413416452, -1.4209946974503047e-05), UnitVector3d(0.9999999998478372, 7.110455181006189e-07, -1.743043514251311e-05), UnitVector3d(0.822808963386182, 0.5656724342393454, 0.05477323172033966), UnitVector3d(0.8230062163854586, 0.565385097614015, 0.05477644737369086)])
ConvexPolygon([UnitVector3d(0.8135858080624353, 0.580299551261723, 0.03647689302609608), UnitVector3d(0.8135959862127057, 0.5803071037743277, 0.03612805734642314), UnitVector3d(0.8122354874401746, 0.58220428862854, 0.03621711260381891), UnitVector3d(0.8122253016950101, 0.5821966942496872, 0.03656594715286383)])
ConvexPolygon([UnitVector3d(0.81358723165317, 0.5802975570443272, 0.036476866358237575), UnitVector3d(0.8135974098151759, 0.5803051095254547, 0.03612803067822553), UnitVector3d(0.8122369138431607, 0.582202300341432, 0.03621708530076568), UnitVector3d(0.8122267280863473, 0.5821947059941875, 0.03656591985015861)])
ConvexPolygon([UnitVector3d(0.8135853018378262, 0.5803002550563905, 0.03647698747075434), UnitVector3d(0.8135954800078045, 0.580307807597782, 0.03612815179227968), UnitVector3d(0.8122349797133441, 0.5822049910606234, 0.03621720743186704), UnitVector3d(0.8122247939484445, 0.5821973966528409, 0.036566041979705886)])
ConvexPolygon([UnitVector3d(0.7319761481276367, 0.6734848279613985, 0.10309755127079194), UnitVector3d(0.7320025705468974, 0.6735091718012801, 0.10275033923198647), UnitVector3d(0.7305191354514801, 0.67511642818203, 0.10275991990051374), UnitVector3d(0.7304927641682569, 0.6750920240325969, 0.1031071315932645)])
ConvexPolygon([UnitVector3d(0.7319710318995373, 0.6734922994047132, 0.10308506731083077), UnitVector3d(0.7319974508271401, 0.6735166406031246, 0.10273785482114267), UnitVector3d(0.7305141628473242, 0.6751237029434596, 0.10274747492461518), UnitVector3d(0.7304877950338385, 0.6750993014403033, 0.10309468706686668)])
ConvexPolygon([UnitVector3d(0.7724218620656937, 0.6319839707563891, 0.06293431265974044), UnitVector3d(0.7724386916663863, 0.6319979971144167, 0.06258593500210083), UnitVector3d(0.7707971445305156, 0.6339924096379465, 0.06265290500107452), UnitVector3d(0.7707803332340323, 0.6339783249199586, 0.06300128118790548)])
ConvexPolygon([UnitVector3d(0.8043937301668117, 0.5880654791096708, 0.08443766427273876), UnitVector3d(0.8044174657318743, 0.5880828510117371, 0.08408983988221182), UnitVector3d(0.8029233794171937, 0.590120351096435, 0.08409529123020733), UnitVector3d(0.8028996864429588, 0.590102917939946, 0.08444311545981534)])
ConvexPolygon([UnitVector3d(0.8043974442385327, 0.58806237204659, 0.08442392010238912), UnitVector3d(0.8044211759790066, 0.5880797410510054, 0.08407609530618369), UnitVector3d(0.802927099950893, 0.5901172446163996, 0.08408156617711793), UnitVector3d(0.8029034107882819, 0.590099814363369, 0.08442939081185463)])
ConvexPolygon([UnitVector3d(0.8044027062815533, 0.5880572422787647, 0.08440951326957934), UnitVector3d(0.8044264341095699, 0.5880746081138415, 0.08406168804820319), UnitVector3d(0.8029323771682942, 0.5901121186249882, 0.0840671466555149), UnitVector3d(0.8029086919133797, 0.5900946915539609, 0.08441497171581204)])
ConvexPolygon([UnitVector3d(0.7572231798448672, 0.6472666020192995, 0.08751572325026832), UnitVector3d(0.7572463302611041, 0.6472864409072041, 0.08716799139463662), UnitVector3d(0.7556008476543639, 0.6492047551791227, 0.08718110389770448), UnitVector3d(0.7555777441725076, 0.6491848546393443, 0.08752883535200355)])
